0 0.549805 0.573893 0.086914 0.125651
0 0.500244 0.493815 0.040527 0.042318
0 0.595459 0.482747 0.032715 0.034505
0 0.658936 0.458984 0.037598 0.065104
0 0.649658 0.519206 0.036621 0.054036
0 0.752930 0.425781 0.058594 0.067708
0 0.946533 0.401367 0.036621 0.046224
0 0.614990 0.607422 0.036621 0.059896
0 0.447998 0.611003 0.084473 0.059245
0 0.301758 0.631185 0.038086 0.093099
0 0.065430 0.319010 0.068359 0.075521
0 0.224121 0.420898 0.021484 0.024089
0 0.269531 0.112956 0.060547 0.159505
0 0.421631 0.150065 0.066895 0.132161
0 0.517090 0.140951 0.060547 0.142578
0 0.564453 0.154622 0.056641 0.056641
0 0.619141 0.138672 0.039062 0.050781
0 0.153809 0.919922 0.085938 0.097656
0 0.711182 0.114583 0.050293 0.115885
