0 0.450928 0.340495 0.015137 0.022135
0 0.548096 0.342448 0.026855 0.036458
0 0.548828 0.451497 0.019531 0.021484
0 0.582764 0.445964 0.020996 0.032552
0 0.607666 0.405924 0.028809 0.037109
0 0.635010 0.391927 0.020020 0.031250
0 0.400391 0.027995 0.027344 0.037760
0 0.426514 0.054036 0.024902 0.035156
0 0.747070 0.513672 0.028320 0.035156
0 0.314941 0.568685 0.027344 0.037109
0 0.356689 0.584310 0.021973 0.042318
0 0.270508 0.512044 0.027344 0.037109
0 0.437500 0.773438 0.036133 0.044271
0 0.459961 0.858724 0.048828 0.032552
0 0.276855 0.838542 0.024414 0.033854
0 0.684814 0.579427 0.032715 0.041667
0 0.577637 0.590820 0.020508 0.027995
0 0.294189 0.924479 0.027832 0.033854
0 0.508789 0.975911 0.028320 0.036458
0 0.879639 0.904948 0.022949 0.028646
0 0.494629 0.252279 0.028320 0.029297
0 0.107422 0.780599 0.029297 0.032552
0 0.145996 0.796549 0.028320 0.033203
0 0.686768 0.698568 0.025879 0.041667
0 0.259033 0.460286 0.021973 0.031250
0 0.929932 0.203451 0.021973 0.037109
0 0.104004 0.231120 0.017578 0.036458
0 0.228027 0.081706 0.033203 0.067057
