0 0.491455 0.504557 0.027832 0.042969
0 0.419678 0.618490 0.020996 0.036458
0 0.163818 0.674479 0.031738 0.026042
0 0.181152 0.751953 0.026367 0.026042
0 0.183350 0.780273 0.031738 0.022786
0 0.189453 0.926107 0.022461 0.029297
0 0.242920 0.959961 0.023926 0.034505
0 0.369141 0.928385 0.022461 0.029948
0 0.441650 0.932292 0.021973 0.032552
0 0.515137 0.144857 0.029297 0.033203
0 0.887451 0.130859 0.022949 0.026042
0 0.797607 0.433919 0.029785 0.031901
0 0.124512 0.277344 0.026367 0.023438
0 0.585938 0.450846 0.021484 0.024089
0 0.950439 0.107422 0.022949 0.029948
0 0.680176 0.075846 0.021484 0.033203
0 0.774170 0.134440 0.019043 0.025391
0 0.793457 0.074870 0.024414 0.028646
0 0.817627 0.066081 0.021973 0.030599
0 0.730713 0.526042 0.018066 0.027344
0 0.806885 0.510091 0.012207 0.018880
0 0.480957 0.893229 0.015625 0.027344
0 0.525635 0.900391 0.020996 0.032552
0 0.106934 0.938802 0.026367 0.042969
0 0.068604 0.347331 0.026855 0.025391
0 0.093750 0.150391 0.022461 0.028646
0 0.287598 0.049805 0.017578 0.022786
0 0.349365 0.060547 0.026855 0.035156
0 0.448242 0.094076 0.021484 0.031901
0 0.304443 0.415690 0.021973 0.033203
0 0.330566 0.432292 0.020508 0.031250
0 0.389160 0.717122 0.016602 0.034505
0 0.534912 0.583008 0.021973 0.027995
