2 0.165039 0.530924 0.019531 0.039714
2 0.072998 0.763021 0.025879 0.033854
2 0.434814 0.766927 0.019043 0.031250
2 0.520020 0.753906 0.022461 0.040365
2 0.823730 0.605143 0.043945 0.044922
2 0.545898 0.537435 0.074219 0.056641
2 0.148438 0.642578 0.085938 0.100260
2 0.634277 0.289714 0.071289 0.104167
2 0.552246 0.217773 0.051758 0.086589
2 0.416504 0.080078 0.114258 0.126302
2 0.733643 0.171875 0.034668 0.032552
2 0.770752 0.483724 0.061035 0.052083
2 0.866943 0.957357 0.044434 0.060547
2 0.488525 0.889323 0.025879 0.037760
2 0.866211 0.643229 0.035156 0.110677
2 0.198242 0.952148 0.030273 0.025391
2 0.253662 0.492513 0.029785 0.037109
2 0.607666 0.378255 0.042480 0.057292
2 0.435547 0.898438 0.036133 0.091146
2 0.642334 0.534831 0.028809 0.038411
2 0.059326 0.549154 0.023926 0.041016
2 0.072998 0.615885 0.037598 0.045573
2 0.018799 0.521810 0.032715 0.091797
2 0.025635 0.639648 0.046387 0.126953
2 0.023193 0.936198 0.031738 0.042969
2 0.919922 0.748372 0.085938 0.097005
2 0.919922 0.881510 0.066406 0.095052
2 0.809570 0.921549 0.053711 0.064453
2 0.588135 0.604167 0.025879 0.053385
2 0.894287 0.069336 0.071777 0.065755
2 0.531250 0.069336 0.032227 0.041016
2 0.498779 0.032552 0.059082 0.050781
2 0.409668 0.454102 0.128906 0.137370
2 0.283691 0.590495 0.072266 0.132812
2 0.376709 0.576823 0.025879 0.028646
