2 0.273193 0.324219 0.074707 0.078125
2 0.165039 0.530924 0.063477 0.076172
2 0.109375 0.486003 0.026367 0.060547
2 0.364990 0.483724 0.058105 0.078125
2 0.310059 0.452148 0.049805 0.093099
2 0.265869 0.915690 0.066895 0.087891
2 0.419922 0.618164 0.068359 0.116536
2 0.498047 0.620443 0.060547 0.115885
2 0.821533 0.428385 0.030762 0.054688
2 0.878174 0.445964 0.077637 0.083333
2 0.805420 0.599935 0.059082 0.099609
2 0.855713 0.936523 0.067871 0.076172
2 0.700928 0.861979 0.041504 0.040365
2 0.660889 0.819987 0.037598 0.041016
2 0.737305 0.925456 0.077148 0.077474
2 0.125000 0.690104 0.033203 0.046875
2 0.059570 0.088867 0.062500 0.072266
2 0.285645 0.079102 0.130859 0.126953
2 0.425293 0.208333 0.066406 0.083333
2 0.326416 0.177083 0.028809 0.037760
2 0.367676 0.157227 0.033203 0.034505
2 0.906738 0.298503 0.068359 0.093099
2 0.604004 0.145508 0.055664 0.073568
2 0.636719 0.229818 0.086914 0.097656
2 0.602539 0.786784 0.058594 0.121745
2 0.728760 0.784831 0.039551 0.056641
2 0.953125 0.400391 0.055664 0.072917
2 0.578369 0.415690 0.079590 0.097005
2 0.341064 0.365560 0.033691 0.038411
2 0.183838 0.449870 0.059082 0.062500
2 0.509277 0.952148 0.024414 0.047526
2 0.708008 0.104818 0.067383 0.075521
2 0.775391 0.469076 0.068359 0.100911
2 0.814697 0.188477 0.031738 0.041016
2 0.815918 0.765951 0.085938 0.116536
2 0.790527 0.063151 0.041992 0.087240
2 0.799561 0.320964 0.036621 0.040365
2 0.171387 0.956706 0.069336 0.081380
