2 0.437500 0.038737 0.120117 0.068359
2 0.291748 0.164714 0.141113 0.151042
2 0.268799 0.613281 0.145996 0.204427
2 0.505615 0.758138 0.055176 0.073568
2 0.515625 0.897461 0.040039 0.060547
2 0.120117 0.734701 0.121094 0.203776
2 0.924561 0.871745 0.091309 0.110677
2 0.687744 0.912760 0.090332 0.144531
2 0.362061 0.565755 0.084473 0.125000
2 0.770264 0.502604 0.060059 0.072917
2 0.963135 0.505208 0.073730 0.131510
2 0.923096 0.649089 0.056152 0.153646
2 0.127441 0.371419 0.072266 0.115234
2 0.033447 0.512370 0.065918 0.157552
2 0.142334 0.205729 0.085449 0.076823
