2 0.327637 0.599935 0.046875 0.072266
2 0.667480 0.584635 0.064453 0.087240
2 0.594482 0.640625 0.087402 0.115885
2 0.705811 0.800781 0.065918 0.079427
2 0.839844 0.797852 0.066406 0.091797
2 0.608643 0.874349 0.052246 0.049479
2 0.130127 0.237630 0.086426 0.134115
2 0.028076 0.508138 0.054199 0.094401
2 0.289307 0.695312 0.097168 0.079427
2 0.704834 0.255859 0.098145 0.102865
2 0.918213 0.166992 0.051270 0.072266
2 0.434326 0.408529 0.051270 0.077474
2 0.574219 0.509766 0.118164 0.135417
2 0.423340 0.706055 0.081055 0.117839
2 0.240723 0.267578 0.059570 0.082031
2 0.399414 0.144531 0.070312 0.076823
2 0.703857 0.044596 0.066895 0.080078
2 0.478516 0.056966 0.090820 0.110026
2 0.170898 0.122070 0.094727 0.076172
2 0.315674 0.956380 0.115723 0.087240
