3 0.440186 0.362630 0.176270 0.208333
3 0.360107 0.543945 0.161621 0.193359
3 0.622070 0.640625 0.228516 0.305990
3 0.744873 0.471680 0.175293 0.293620
3 0.925049 0.414062 0.148926 0.287760
3 0.655762 0.174154 0.198242 0.202474
3 0.919434 0.170898 0.146484 0.186849
3 0.095215 0.236003 0.182617 0.199870
3 0.226562 0.426432 0.120117 0.226562
3 0.229980 0.638021 0.153320 0.246094
3 0.349121 0.799154 0.117188 0.149089
3 0.823730 0.904948 0.133789 0.188802
3 0.354248 0.149089 0.181152 0.158854
3 0.392822 0.927409 0.186035 0.145182
3 0.829590 0.738932 0.167969 0.134115
