1 0.771484 0.028320 0.039062 0.044922
1 0.735596 0.460286 0.055176 0.037760
1 0.793701 0.471354 0.021973 0.049479
1 0.660645 0.477214 0.028320 0.031250
1 0.678467 0.575195 0.029785 0.038411
1 0.497070 0.442708 0.061523 0.075521
1 0.528809 0.774740 0.032227 0.037760
1 0.122314 0.798503 0.029785 0.046224
1 0.155273 0.662435 0.029297 0.047526
1 0.272949 0.494466 0.093750 0.095703
1 0.103760 0.905924 0.048340 0.073568
1 0.146729 0.949219 0.027832 0.041667
1 0.838867 0.366862 0.040039 0.069661
1 0.520264 0.217122 0.027832 0.031901
1 0.316895 0.173828 0.046875 0.031250
1 0.232178 0.410482 0.028809 0.034505
1 0.882080 0.539388 0.042480 0.037109
